0 0.7971698113207547 0 0.8231132075471698 0 0.8066037735849056 0 0.8042452830188679 0.0041841004184100415 0.7995283018867925 0.0041841004184100415
0 0.8655660377358491 0.13389121338912133 0.8702830188679245 0.14644351464435146 0.8679245283018868 0.1506276150627615 0.8679245283018868 0.17154811715481172 0.8702830188679245 0.17573221757322174 0.8679245283018868 0.18828451882845187 0.8608490566037735 0.19665271966527198 0.8490566037735849 0.19665271966527198 0.8466981132075472 0.200836820083682 0.8372641509433962 0.200836820083682 0.8349056603773585 0.20502092050209206 0.8231132075471698 0.200836820083682 0.8160377358490566 0.19246861924686193 0.8160377358490566 0.14225941422594143 0.8207547169811321 0.13389121338912133 0.8278301886792453 0.13389121338912133 0.8301886792452831 0.1297071129707113 0.8608490566037735 0.1297071129707113 0.8632075471698113 0.13389121338912133
0 0.8844339622641509 0.18828451882845187 0.8915094339622641 0.19665271966527198 0.8915094339622641 0.20502092050209206 0.8938679245283019 0.20920502092050208 0.8938679245283019 0.2510460251046025 0.8891509433962265 0.25523012552301255 0.8797169811320755 0.25523012552301255 0.8773584905660378 0.2594142259414226 0.8514150943396226 0.26359832635983266 0.8490566037735849 0.26778242677824265 0.839622641509434 0.26778242677824265 0.8349056603773585 0.26359832635983266 0.8349056603773585 0.2384937238493724 0.8325471698113207 0.23430962343096234 0.8325471698113207 0.21338912133891214 0.8301886792452831 0.20920502092050208 0.8349056603773585 0.20920502092050208 0.8372641509433962 0.20502092050209206 0.8466981132075472 0.20502092050209206 0.8490566037735849 0.200836820083682 0.8584905660377359 0.200836820083682 0.8702830188679245 0.18828451882845187 0.8820754716981132 0.18828451882845187
0 0.8608490566037735 0.09205020920502092 0.06839622641509434 0.08368200836820083
0 0.8018867924528302 0.06276150627615062 0.7995283018867925 0.05439330543933055 0.7995283018867925 0.03347280334728033 0.7971698113207547 0.029288702928870293 0.7971698113207547 0.016736401673640166 0.8018867924528302 0.0041841004184100415 0.8066037735849056 0 0.875 0 0.8797169811320755 0.008368200836820083 0.8797169811320755 0.016736401673640166 0.8844339622641509 0.029288702928870293 0.8844339622641509 0.0502092050209205 0.8679245283018868 0.0502092050209205 0.8655660377358491 0.05439330543933055 0.8443396226415094 0.05439330543933055 0.8419811320754716 0.058577405857740586 0.8349056603773585 0.058577405857740586 0.8325471698113207 0.06276150627615062 0.8042452830188679 0.06276150627615062
0 0.8160377358490566 0.06694560669456066 0.8183962264150944 0.07112970711297072 0.8278301886792453 0.07112970711297072 0.8301886792452831 0.0794979079497908 0.8301886792452831 0.12552301255230125 0.8254716981132075 0.1297071129707113 0.8183962264150944 0.1297071129707113 0.8113207547169812 0.13807531380753138 0.8066037735849056 0.13807531380753138 0.7995283018867925 0.12552301255230125 0.7995283018867925 0.07112970711297072 0.8018867924528302 0.06694560669456066 0.8136792452830188 0.06694560669456066
0 0.8183962264150944 0.24267782426778242 0.03537735849056604 0.07531380753138076
0 0.09433962264150944 0 0.2617924528301887 0 0.2617924528301887 0.02092050209205021 0.25943396226415094 0.02510460251046025 0.20518867924528303 0.02510460251046025 0.2028301886792453 0.02092050209205021 0.09669811320754718 0.02092050209205021 0.09198113207547169 0.012552301255230125 0.09433962264150944 0.0041841004184100415
0 0.39858490566037735 0 0.4834905660377358 0 0.47641509433962265 0.016736401673640166 0.47641509433962265 0.02510460251046025 0.4740566037735849 0.029288702928870293 0.4033018867924528 0.029288702928870293 0.39858490566037735 0.02092050209205021 0.39858490566037735 0.0041841004184100415
0 0.8207547169811321 0.12552301255230125 0.8231132075471698 0.1297071129707113 0.8160377358490566 0.14225941422594143 0.8160377358490566 0.17573221757322174 0.8207547169811321 0.19246861924686193 0.8207547169811321 0.200836820083682 0.8183962264150944 0.20502092050209206 0.8042452830188679 0.20502092050209206 0.8018867924528302 0.200836820083682 0.8018867924528302 0.18828451882845187 0.7995283018867925 0.18410041841004185 0.7995283018867925 0.13389121338912133 0.8018867924528302 0.1297071129707113 0.8136792452830188 0.1297071129707113 0.8183962264150944 0.12552301255230125
0 0.6344339622641509 0 0.6933962264150944 0 0.6933962264150944 0.02092050209205021 0.6910377358490566 0.02510460251046025 0.6816037735849056 0.02510460251046025 0.6792452830188679 0.029288702928870293 0.6391509433962265 0.029288702928870293 0.6344339622641509 0.02092050209205021 0.6344339622641509 0.0041841004184100415